version https://git-lfs.github.com/spec/v1
oid sha256:df8e85d96c12709073ae2db170530ad59e25e875e32482bb99c643eecd234efc
size 95475
