version https://git-lfs.github.com/spec/v1
oid sha256:a6eaa5c60db6d8aa7c1b80e3bb5fceb6a8ef4e99516953ba7150df7fcfafe3f2
size 60174
