version https://git-lfs.github.com/spec/v1
oid sha256:085a1086a28c07671e210caf6f2b97adf1377e92621d0aec60f1a2f5b5d29b55
size 89398
