version https://git-lfs.github.com/spec/v1
oid sha256:0f7d8550147371d63e5e4a3a82ad3de4c7b76971715f5ec13ce1d4c38174480c
size 59564
